     0/299     1.57G   0.07694    0.2239   0.05225    0.3531        31       416   0.08333  0.001082   0.02259  0.005766   0.06076    0.1344   0.04783
     1/299     1.54G   0.06937    0.1905   0.04994    0.3098         4       416   0.02267    0.1786     0.108   0.04517   0.04878   0.07919   0.04488
     2/299     1.54G   0.06059    0.1717   0.04586    0.2782         3       416   0.02076    0.2041    0.1384    0.0661   0.04168   0.08252   0.04541
     3/299     1.54G   0.06753    0.2116     0.047    0.3261        10       416   0.02786    0.4471   0.07361   0.02496   0.05421    0.2188   0.04507
     4/299     1.54G   0.05917    0.1942   0.04671    0.3001        15       416   0.06981    0.2355     0.132   0.04571   0.03897    0.1141   0.04439
     5/299     1.54G   0.05219    0.1613   0.04456    0.2581         5       416   0.04716    0.1396    0.1074   0.03427   0.03396   0.06839    0.0452
     6/299     1.54G   0.04918    0.1492   0.04577    0.2442         4       416    0.1988    0.1712    0.1766   0.07052   0.02988   0.07083   0.04474
     7/299     1.54G   0.04526    0.1475   0.04441    0.2372         1       416   0.03268    0.1656    0.1608   0.06493   0.03126   0.06645   0.04442
     8/299     1.54G   0.04262    0.1359   0.04482    0.2233        16       416    0.1509    0.1747    0.2281     0.135   0.02887   0.05962   0.04431
     9/299     1.54G    0.0394     0.137   0.04374    0.2201         3       416    0.2461    0.2388    0.2482    0.1346    0.0327   0.05975   0.04362
    10/299     1.54G   0.03868    0.1258   0.04273    0.2072         3       416   0.08295    0.2029    0.2934    0.1607   0.02461    0.0599   0.04365
    11/299     1.54G   0.03433    0.1299   0.04244    0.2067        35       416    0.1213    0.2041    0.3324    0.2057   0.02443   0.05543   0.04297
    12/299     1.54G    0.0346    0.1237   0.04143    0.1997        15       416   0.06525     0.272     0.319    0.1902   0.02864   0.05447   0.04147
    13/299     1.54G   0.03483    0.1161   0.04123    0.1921         4       416    0.1781    0.2971     0.391    0.2313   0.02486   0.05486   0.04023
    14/299     1.54G   0.03283    0.1242   0.03968    0.1967         9       416    0.2127    0.3362    0.3985    0.2089   0.03002   0.05667   0.03857
    15/299     1.54G   0.03396    0.1165   0.03845    0.1889        49       416    0.1357    0.3301    0.4022    0.2037   0.02307   0.05162   0.03858
    16/299     1.54G   0.03365    0.1207   0.03803    0.1924        11       416    0.1782    0.4083    0.4383    0.2743    0.0271   0.05144   0.03823
    17/299     1.54G   0.03218     0.118   0.03618    0.1864        16       416    0.1845    0.4518    0.4254    0.2854   0.02181    0.0492   0.03737
    18/299     1.54G   0.03138    0.1095   0.03557    0.1765        23       416    0.1933    0.4947    0.4463     0.266   0.02119   0.04853   0.03622
    19/299     1.54G   0.03216    0.1136   0.03491    0.1807        17       416    0.1585    0.5217    0.4466     0.273   0.02427   0.05483   0.03539
    20/299     1.54G   0.02916    0.1153   0.03316    0.1776         2       416    0.1619    0.5408    0.4469    0.2889   0.02297   0.05015    0.0346
    21/299     1.54G   0.03276    0.1057   0.03295    0.1714        20       416    0.1725    0.5591    0.4496    0.2478   0.03128   0.05067   0.03303
    22/299     1.54G   0.02939    0.1138   0.03191    0.1751        10       416    0.1798    0.6443    0.4745    0.3083   0.02245   0.05509   0.03337
    23/299     1.54G   0.02972    0.1069   0.03072    0.1673         2       416    0.2154    0.5842    0.4961    0.2963   0.02741   0.04818   0.03228
    24/299     1.54G   0.02673    0.1095   0.02895    0.1652         8       416    0.1964    0.6369    0.4921    0.3221   0.02199   0.04839   0.03133
    25/299     1.54G   0.02879     0.109   0.02917     0.167        23       416    0.3252    0.7339    0.5183    0.3367   0.02269   0.04758   0.03193
    26/299     1.54G   0.02827    0.1038   0.02757    0.1597         3       416    0.2551    0.7441     0.522    0.3486   0.02389   0.04696   0.02995
    27/299     1.54G   0.02786   0.09909   0.02722    0.1542         5       416     0.261    0.7754    0.5332    0.3539   0.02361   0.04762   0.02926
    28/299     1.54G    0.0303    0.1028   0.02749    0.1606        11       416    0.2504    0.6037    0.5566    0.3631   0.02063   0.04671   0.02946
    29/299     1.54G     0.029    0.1079   0.02626    0.1631        16       416     0.292    0.8566    0.5598     0.357   0.02341   0.05252   0.02843
    30/299     1.54G   0.02826    0.1118   0.02486    0.1649        11       416    0.3126    0.8297    0.5816    0.3876   0.02075   0.04797   0.02704
    31/299     1.54G   0.02726    0.1004   0.02485    0.1525        15       416    0.3061    0.8649      0.58    0.3747   0.02134   0.04678   0.02606
    32/299     1.54G   0.02809    0.1105    0.0242    0.1628         6       416    0.3027    0.8901    0.5751    0.3873   0.02253   0.04821   0.02634
    33/299     1.54G   0.02686     0.103   0.02343    0.1533         7       416    0.3034    0.8369     0.577    0.3767   0.02152   0.04636   0.02613
    34/299     1.54G   0.02851    0.1005    0.0229    0.1519        15       416     0.317    0.8917    0.5819    0.3755   0.02306   0.04829   0.02547
    35/299     1.54G   0.02672    0.1076   0.02303    0.1574        14       416    0.3236    0.9083    0.5857    0.3807   0.02266   0.04881   0.02478
    36/299     1.54G   0.02682    0.1072   0.02271    0.1567        75       416    0.3226    0.8972    0.5841    0.3761   0.02534   0.04885   0.02444
    37/299     1.54G   0.02716    0.1051    0.0219    0.1542        55       416    0.3391    0.9583    0.6033    0.3898   0.01987   0.04856   0.02413
    38/299     1.54G   0.02589   0.09925   0.02133    0.1465        13       416    0.3396    0.9175    0.6153    0.4258   0.02209    0.0467   0.02432
    39/299     1.54G   0.02625    0.1038   0.02119    0.1512         6       416    0.3276    0.9621    0.5938    0.3732   0.02392   0.04928   0.02359
    40/299     1.54G   0.02575   0.09645   0.02092    0.1431        13       416    0.3523    0.9295    0.6275    0.4377   0.01937    0.0459   0.02386
    41/299     1.54G   0.02499   0.09529   0.02083    0.1411        15       416     0.351    0.9665    0.6299    0.4457   0.01973   0.04562   0.02333
    42/299     1.54G   0.02507   0.09901    0.0195    0.1436        11       416     0.358    0.9697     0.619     0.408   0.02184   0.04484   0.02247
    43/299     1.54G   0.02718    0.1024   0.01997    0.1496        12       416    0.3747    0.9545    0.6107    0.4115    0.0226   0.04744    0.0231
    44/299     1.54G   0.02424   0.09271   0.01933    0.1363         9       416    0.3481    0.9735    0.6734    0.4599   0.02073   0.04752    0.0229
    45/299     1.54G   0.02643     0.096   0.01877    0.1412         9       416    0.3588    0.9569    0.6503    0.4189   0.02458   0.04821   0.02187
    46/299     1.54G   0.02489   0.09429    0.0189    0.1381        52       416    0.3622    0.9828     0.644    0.4335   0.02249   0.04672   0.02278
    47/299     1.54G   0.02487    0.0958   0.01851    0.1392        64       416    0.3689    0.9861    0.6469    0.4294   0.01908   0.04712   0.02216
    48/299     1.54G   0.02538    0.1002   0.01807    0.1436        21       416     0.364    0.9773    0.6791    0.4449    0.0201   0.04647   0.02094
    49/299     1.54G   0.02528   0.09496   0.01797    0.1382        20       416     0.365    0.9962    0.6878    0.4901   0.01834   0.04613   0.02072
    50/299     1.54G   0.02473   0.09245   0.01726    0.1344        90       416    0.3606    0.9697     0.713    0.4617   0.02168   0.04636   0.02081
    51/299     1.54G   0.02472   0.09658    0.0176    0.1389        11       416     0.391    0.9962    0.7523    0.5123   0.02157   0.04532   0.02044
    52/299     1.54G   0.02308   0.09136   0.01706    0.1315         4       416    0.3801    0.9962    0.7319    0.5263   0.01976   0.04358   0.01947
    53/299     1.54G   0.02421   0.09795    0.0163    0.1385         0       416    0.3925     0.991    0.7639    0.5047   0.02091   0.04638   0.01977
    54/299     1.54G   0.02546   0.09215    0.0164     0.134         2       416    0.3817    0.9827    0.7634    0.5118   0.02001   0.04495   0.02018
    55/299     1.54G   0.02506   0.09334   0.01664     0.135        15       416    0.4014     0.991    0.7542    0.5193   0.01776    0.0441   0.01994
    56/299     1.54G   0.02394   0.08995   0.01594    0.1298        10       416    0.4038     0.991    0.7775    0.5415   0.02178   0.04464   0.01955
    57/299     1.54G   0.02382   0.09218   0.01579    0.1318        42       416     0.395     0.991    0.7924    0.5486   0.01844    0.0452   0.01927
    58/299     1.54G   0.02276   0.08727   0.01558    0.1256        54       416    0.3919     0.991     0.775    0.5398   0.01851   0.04572   0.01954
    59/299     1.54G   0.02423   0.09872   0.01571    0.1387        11       416    0.4073    0.9866    0.7953    0.5639   0.02062   0.04657   0.01989
    60/299     1.54G   0.02361   0.09108   0.01454    0.1292         2       416    0.4172    0.9962     0.815    0.5826   0.01903    0.0433   0.01885
    61/299     1.54G   0.02475    0.0864   0.01494    0.1261        17       416    0.4191    0.9791    0.8009    0.5133   0.02511   0.04778   0.01975
    62/299     1.54G   0.02464   0.09564    0.0149    0.1352         4       416     0.417    0.9962    0.8356     0.572   0.01911   0.04548   0.01889
    63/299     1.54G    0.0223   0.08935   0.01393    0.1256        17       416    0.4212    0.9962    0.8315    0.5828   0.02126   0.04748   0.01942
    64/299     1.54G    0.0244    0.1037    0.0147    0.1428         2       416     0.441    0.9932    0.7867    0.5357   0.02363   0.04727   0.01999
    65/299     1.54G   0.02324   0.08402   0.01436    0.1216        20       416    0.4363     0.991    0.8265    0.5727    0.0204   0.04479   0.01819
    66/299     1.54G   0.02347   0.08636   0.01395    0.1238         6       416    0.4367     0.988    0.8263    0.5837   0.01779   0.04416    0.0188
    67/299     1.54G   0.02307   0.09493   0.01343    0.1314         3       416    0.4458     0.988    0.8496    0.6096    0.0206   0.04493   0.01699
    68/299     1.54G   0.02395   0.08857   0.01429    0.1268        12       416    0.4383     0.988    0.8394    0.5984   0.01748   0.04506   0.01797
    69/299     1.54G   0.02265   0.09252   0.01346    0.1286        10       416    0.4343     0.991    0.8372    0.5857   0.02082   0.04559   0.01744
    70/299     1.54G   0.02385    0.0921   0.01317    0.1291        12       416    0.4292    0.9814    0.8474    0.5796   0.01888   0.04538   0.01716
    71/299     1.54G   0.02235   0.08998   0.01262     0.125        24       416    0.4459    0.9834    0.8556    0.6141   0.02034   0.04466   0.01723
    72/299     1.54G   0.02333   0.09394   0.01238    0.1296        10       416    0.4387    0.9876    0.8558    0.5925   0.01837    0.0465   0.01757
    73/299     1.54G   0.02256   0.08861   0.01224    0.1234        10       416    0.4571    0.9869    0.8474    0.5871   0.02107   0.04655   0.01667
    74/299     1.54G   0.02476    0.0891    0.0122    0.1261         3       416    0.4605     0.991    0.8733     0.616   0.01783   0.04597   0.01586
    75/299     1.54G   0.02199   0.09748   0.01244    0.1319        10       416    0.4655     0.984    0.8914    0.6384   0.01765   0.04234   0.01547
    76/299     1.54G   0.02363   0.08881   0.01166    0.1241         4       416    0.4744    0.9858    0.8598    0.6153   0.02088   0.04271   0.01572
    77/299     1.54G   0.02261   0.08754     0.012    0.1222        75       416    0.4654    0.9854    0.8979    0.6541   0.01856   0.04435   0.01469
    78/299     1.54G   0.02224   0.08978   0.01101     0.123         2       416    0.4773      0.99    0.8735    0.6141    0.0201   0.04404   0.01623
    79/299     1.54G   0.02258   0.09285   0.01159     0.127        11       416    0.4623    0.9825    0.8784    0.6225   0.01763   0.04692   0.01591
    80/299     1.54G    0.0228   0.09407   0.01152    0.1284         6       416     0.492    0.9826    0.8641    0.6127   0.01874   0.04506   0.01625
    81/299     1.54G   0.02321   0.09258   0.01147    0.1273         8       416    0.4921     0.985    0.8796    0.6252   0.02083   0.04507   0.01623
    82/299     1.54G   0.02129    0.0924   0.01118    0.1249         6       416    0.4874    0.9878    0.8825    0.6409   0.01798   0.04351   0.01525
    83/299     1.54G   0.02156   0.08711   0.01044    0.1191         0       416    0.4826     0.991    0.9032    0.6301   0.01803   0.04714   0.01512
    84/299     1.54G   0.02138   0.08781   0.01039    0.1196         4       416    0.4941    0.9878    0.8923    0.6363   0.01986   0.04286   0.01533
    85/299     1.54G   0.02302   0.09076   0.01023     0.124        15       416    0.5142    0.9839    0.8918    0.6428   0.01787   0.04379   0.01513
    86/299     1.54G    0.0208   0.08302  0.009745    0.1136         8       416    0.5046     0.987     0.907    0.6493   0.01902    0.0441   0.01429
    87/299     1.54G   0.02248   0.09189   0.01019    0.1246         3       416    0.5124    0.9818    0.9088    0.6461   0.01742   0.04472   0.01481
    88/299     1.54G   0.02165   0.08968  0.009625     0.121         7       416     0.503    0.9751    0.9216     0.668   0.02001   0.04313   0.01513
    89/299     1.54G   0.02057   0.08608  0.009303    0.1159         6       416    0.5055    0.9798    0.9075    0.6564    0.0172   0.04309   0.01496
    90/299     1.54G   0.02249   0.08883  0.009602    0.1209        22       416    0.5243    0.9685    0.9095    0.6548   0.01977   0.04346   0.01537
    91/299     1.54G    0.0212   0.08642  0.009529    0.1172        10       416    0.5366    0.9784    0.9226    0.6409   0.02172   0.04464   0.01395
    92/299     1.54G   0.02162   0.08714   0.00909    0.1179        12       416    0.5202    0.9878    0.9353    0.6597   0.01791   0.04503   0.01271
    93/299     1.54G   0.02078   0.08361  0.008967    0.1134        11       416    0.5451    0.9706    0.8977    0.6501   0.01784   0.04205   0.01522
    94/299     1.54G   0.02101   0.08295  0.008774    0.1127         1       416    0.5302    0.9786    0.8998    0.6555   0.01685   0.04236    0.0151
    95/299     1.54G   0.02026   0.08569  0.008585    0.1145        15       416    0.5325    0.9903    0.9324    0.6567   0.01704   0.04365   0.01367
    96/299     1.54G   0.02235   0.08988  0.008828    0.1211         2       416    0.5608    0.9818    0.9384    0.6608   0.02061    0.0455   0.01425
    97/299     1.54G   0.02131   0.08723  0.008699    0.1172         5       416    0.5351    0.9871    0.9269    0.6625   0.01865   0.04448   0.01362
    98/299     1.54G    0.0229   0.08711  0.008308    0.1183        43       416    0.5266    0.9786    0.9389    0.6556   0.01688   0.04482   0.01389
    99/299     1.54G    0.0203   0.09226  0.008468     0.121        12       416    0.5527    0.9861    0.9372    0.6693   0.01773   0.04271   0.01346
   100/299     1.54G   0.02098   0.08823  0.008072    0.1173         9       416    0.5738      0.99    0.9337    0.6678   0.01858   0.04235   0.01267
   101/299     1.54G   0.02006   0.08104  0.008015    0.1091         2       416    0.5513      0.99    0.9346    0.6728   0.01949   0.04259   0.01278
   102/299     1.54G   0.02143    0.0892  0.007866    0.1185        17       416    0.5493    0.9858    0.9265    0.6699   0.01744   0.04184   0.01419
   103/299     1.54G   0.02027   0.09105  0.007753    0.1191         2       416    0.5577    0.9821    0.9307    0.6858   0.01633   0.04064   0.01411
   104/299     1.54G   0.02051   0.08487  0.007483    0.1129        11       416    0.5622    0.9869    0.9473    0.7011   0.01827   0.04103   0.01361
   105/299     1.54G   0.01987   0.08362  0.007703    0.1112         7       416    0.5652    0.9871    0.9357    0.6639   0.01778   0.04332    0.0144
   106/299     1.54G    0.0212   0.08353  0.008153    0.1129         2       416    0.5783    0.9798    0.9494    0.6865   0.01885   0.04279   0.01202
   107/299     1.54G    0.0209   0.08096  0.007618    0.1095         5       416     0.568    0.9898    0.9565     0.705   0.01722   0.04277   0.01171
   108/299     1.54G   0.02116   0.08724  0.007629     0.116        21       416    0.5854    0.9878    0.9384     0.686   0.01839   0.04318   0.01147
   109/299     1.54G   0.01984   0.08765  0.007065    0.1146        18       416    0.5757    0.9817     0.942    0.6727   0.01701   0.04358   0.01102
   110/299     1.54G   0.01977    0.0874  0.007446    0.1146        14       416    0.5889     0.984     0.947    0.6668   0.01973   0.04393   0.01097
   111/299     1.54G   0.02054   0.08191  0.007106    0.1096        14       416    0.6025      0.99    0.9586     0.681   0.01768   0.04436   0.01139
   112/299     1.54G   0.01989   0.08247  0.007023    0.1094         4       416    0.5856      0.99    0.9568    0.6705   0.01759   0.04441   0.01063
   113/299     1.54G   0.01975   0.08213  0.007154     0.109        65       416    0.5782    0.9826    0.9557    0.6749   0.01969   0.04502   0.01058
   114/299     1.54G   0.01925   0.08356  0.006574    0.1094        20       416    0.5958    0.9866      0.96    0.6856   0.01887   0.04464   0.01141
   115/299     1.54G   0.02075    0.0841  0.007039    0.1119         3       416    0.5886     0.977    0.9456    0.6977   0.01682   0.04207   0.01174
   116/299     1.54G   0.02049    0.0843  0.006835    0.1116        19       416     0.597    0.9889    0.9614    0.6932   0.01574   0.04169   0.01238
   117/299     1.54G   0.02028    0.0784  0.006431    0.1051         3       416    0.6064    0.9892    0.9715    0.6945   0.01813   0.04357    0.0093
   118/299     1.54G    0.0195    0.0792  0.006659    0.1054        21       416    0.5858     0.993    0.9749    0.7218   0.01657   0.04257  0.009895
   119/299     1.54G   0.01942   0.07767  0.006677    0.1038         4       416    0.5996    0.9886     0.968    0.6922   0.01551   0.04295  0.009724
   120/299     1.54G   0.01983   0.08398   0.00651    0.1103         3       416    0.6092      0.99    0.9654    0.7095   0.01649   0.04166  0.009858
   121/299     1.54G   0.01912   0.08144  0.006466     0.107        25       416    0.6483    0.9868    0.9668    0.7031   0.01716   0.04368   0.01116
   122/299     1.54G   0.01911   0.08259   0.00653    0.1082         3       416    0.6119    0.9871    0.9758    0.7276   0.01712   0.04261   0.01034
   123/299     1.54G   0.02036   0.08171  0.006412    0.1085        28       416    0.6264    0.9852    0.9695    0.7045   0.01557   0.04381  0.009921
   124/299     1.54G   0.01899   0.08054  0.006193    0.1057         4       416    0.6136     0.982    0.9607    0.7123   0.01731   0.04171    0.0102
   125/299     1.54G   0.01874   0.08212  0.006187     0.107         5       416    0.6132      0.99    0.9567    0.6717   0.01923   0.04423   0.01004
   126/299     1.54G   0.01986    0.0836  0.005991    0.1095         8       416    0.6406    0.9921    0.9687    0.6566   0.01769   0.04476   0.01009
   127/299     1.54G   0.01886   0.07895  0.006201     0.104        11       416     0.634      0.99    0.9737    0.7056   0.01691   0.04314  0.008906
   128/299     1.54G   0.01905   0.08494  0.006109    0.1101         2       416    0.6218    0.9871    0.9681     0.708   0.01699   0.04394   0.01098
   129/299     1.54G   0.01885    0.0844  0.006089    0.1093        14       416    0.6394    0.9824    0.9558    0.7067   0.01704   0.04221   0.01262
   130/299     1.54G   0.01898   0.08402  0.005786    0.1088        32       416    0.6241    0.9871    0.9503     0.703   0.01754    0.0435   0.01126
   131/299     1.54G   0.01922   0.08224  0.005875    0.1073        26       416    0.6417    0.9871     0.958    0.7106   0.01552   0.04274   0.01115
   132/299     1.54G   0.01872   0.08431  0.005878    0.1089        14       416    0.6343     0.981    0.9593    0.7009    0.0162   0.04417   0.00933
   133/299     1.54G   0.01888   0.08175  0.005503    0.1061        27       416    0.6213    0.9896    0.9681    0.7085   0.01497   0.04303   0.01002
   134/299     1.54G   0.01919   0.08053   0.00567    0.1054        10       416    0.6965    0.9878    0.9688    0.7092     0.017    0.0432  0.009994
   135/299     1.54G   0.01884   0.08145  0.005984    0.1063        23       416    0.6648    0.9865     0.969    0.7074   0.01577   0.04478  0.009629
   136/299     1.54G   0.01897   0.07913  0.005497    0.1036        37       416     0.655     0.993    0.9741    0.7125   0.01769   0.04389  0.007888
   137/299     1.54G    0.0194   0.08057  0.005842    0.1058         3       416    0.6726    0.9922    0.9743    0.7067   0.01614   0.04418  0.008943
   138/299     1.54G   0.01808   0.08187  0.005587    0.1055         3       416    0.6726     0.993     0.975    0.7173   0.01674   0.04405  0.008285
   139/299     1.54G   0.01831   0.08043  0.005285     0.104         3       416    0.7029    0.9914     0.982    0.7165   0.01583   0.04338  0.008619
   140/299     1.54G   0.01868   0.07995  0.005638    0.1043        44       416    0.7022    0.9804    0.9759    0.7093   0.01606   0.04369  0.008534
   141/299     1.54G   0.01881   0.08405   0.00549    0.1083         7       416    0.6659     0.985    0.9661    0.6933   0.01558   0.04398   0.01018
   142/299     1.54G    0.0183   0.07838  0.005681    0.1024        28       416     0.668    0.9816    0.9795    0.7276   0.01589   0.04271  0.009001
   143/299     1.54G   0.01853   0.08177   0.00566     0.106         2       416    0.6364    0.9871    0.9652    0.7099   0.01508   0.04349   0.01033
   144/299     1.54G   0.01855   0.08152  0.005438    0.1055         7       416    0.7005    0.9873    0.9734    0.7017   0.01517   0.04257  0.009302
   145/299     1.54G   0.01838    0.0802  0.005635    0.1042        21       416    0.6942    0.9848    0.9764    0.7268   0.01606   0.04224  0.009485
   146/299     1.54G     0.018   0.07947  0.005515     0.103         3       416    0.6606    0.9925    0.9739    0.7176   0.01578   0.04377  0.008559
   147/299     1.54G   0.01818   0.08324  0.005133    0.1066        15       416    0.6895     0.993    0.9754    0.7236    0.0152   0.04374  0.008268
   148/299     1.54G   0.01642   0.07694  0.004769   0.09813         3       416      0.65      0.99    0.9779    0.7222   0.01578    0.0445  0.008327
   149/299     1.54G   0.01843   0.08128  0.005081    0.1048         6       416    0.6625    0.9852    0.9735    0.7219   0.01654   0.04398  0.009639
   150/299     1.54G   0.01762   0.07528  0.005092   0.09799         3       416      0.66    0.9901    0.9725    0.7164   0.01568   0.04497  0.009074
